# Ids obtidos do banco "sourcererdb110" a partir da query:
# select *
# from interface_metrics i
# where project_type = 'CRAWLED'
# and p1_c1_w1_t1 > 0
# and return_type in (select type from interface_metrics_types where class in (1, 2, 3))
# and id in (
#  select interface_metrics_id from interface_metrics_params
#  where param in (select type from interface_metrics_types where class in (1, 2, 3))
#  and   interface_metrics_id = i.id
# )
#
3178008
3178009
3178010
3178024
3178027
3178029
3178035
3178040
3178043
3178047
3178048
3178091
3178096
3178104
3178122
3178153
3178339
3178366
3178367
3178403
3178434
3178445
3178457
3178459
3178549
3178558
3178589
3178599
3178604
3178605
3178606
3178643
3178650
3178651
3178751
3178792
3178809
3178822
3178849
3178905
3178980
3178981
3179027
3179037
3179047
3179108
3179120
3179121
3179134
3179137
3179140
3179141
3179142
3179143
3179386
3179488
3179758
3179764
3179765
3179867
3179969
3179985
3180022
3180053
3180056
3180058
3180059
3180061
3180063
3180064
3180084
3180085
3180089
3180094
3180095
3180097
3180101
3180204
3180205
3180206
3180207
3180208
3180210
3180258
3180270
3180275
3180277
3180287
3180296
3180306
3180309
3180312
3180315
3180318
3180319
3180324
3180346
3180352
3180353
3180478
3180490
3180551
3180553
3180560
3180561
3180580
3180585
3180622
3180688
3180706
3180734
3180801
3180803
3180804
3180805
3180806
3180807
3180808
3180809
3180811
3180887
3180954
3180993
3180994
3180995
3181008
3181009
3181026
3181034
3181089
3181093
3181094
3181095
3181096
3181097
3181113
3181114
3181125
3181140
3181141
3181142
3181143
3181180
3181187
3181193
3181215
3181216
3181217
3181232
3181241
3181307
3181310
3181315
3181316
3181413
3181467
3181468
3181478
3181490
3181492
3181495
3181497
3181679
3181725
3181726
3181727
3181728
3181942
3181944
3182100
3182101
3182124
3182125
3182160
3182227
3182228
3182229
3182716
3182719
3182721
3182722
3182723
3182739
3182740
3182774
3182777
3182779
3182781
3182790
3182791
3182798
3182799
3182842
3182875
3182876
3182882
3182954
3182955
3182962
3182965
3182967
3183008
3183009
3183069
3183073
3183462
3183473
3183578
3183580
3183581
3183587
3183640
3183809
3183813
3183817
3183818
3183890
3183901
3183921
3183922
3183935
3183938
3183942
3183975
3183978
3184030
3184052
3184093
3184146
3184190
3184224
3184225
3184261
3184262
3184267
3184271
3184272
3184273