# Ids obtidos do banco "sourcererdb110_v2" a partir da query:
# select *
# from interface_metrics i
# where project_type = 'CRAWLED'
# and p1_c1_w1_t1 > 0
# and return_type in (select type from interface_metrics_types where class in (1, 2, 3))
# and id in (
#  select interface_metrics_id from interface_metrics_params
#  where param in (select type from interface_metrics_types where class in (1, 2, 3))
#  and   interface_metrics_id = i.id
# )
#
3178006
3178007
3178008
3178009
3178010
3178018
3178019
3178024
3178026
3178027
3178029
3178030
3178031
3178032
3178033
3178035
3178036
3178037
3178038
3178039
3178040
3178041
3178042
3178043
3178044
3178046
3178047
3178048
3178049
3178050
3178051
3178052
3178053
3178062
3178066
3178070
3178081
3178082
3178083
3178091
3178092
3178093
3178094
3178095
3178096
3178097
3178100
3178102
3178104
3178105
3178107
3178115
3178118
3178119
3178120
3178122
3178124
3178126
3178127
3178153
3178161
3178162
3178163
3178164
3178176
3178183
3178199
3178200
3178204
3178205
3178206
3178207
3178208
3178209
3178211
3178212
3178213
3178214
3178215
3178216
3178217
3178218
3178219
3178220
3178221
3178222
3178223
3178224
3178225
3178226
3178227
3178228
3178229
3178237
3178238
3178239
3178240
3178245
3178246
3178262
3178263
3178264
3178293
3178307
3178311
3178314
3178330
3178331
3178332
3178333
3178334
3178339
3178341
3178344
3178345
3178350
3178351
3178352
3178353
3178361
3178366
3178367
3178369
3178371
3178403
3178422
3178423
3178424
3178425
3178426
3178427
3178428
3178429
3178434
3178442
3178445
3178457
3178458
3178459
3178460
3178461
3178462
3178463
3178465
3178466
3178469
3178470
3178471
3178472
3178473
3178474
3178475
3178480
3178481
3178482
3178484
3178485
3178487
3178488
3178489
3178490
3178503
3178504
3178505
3178506
3178507
3178509
3178515
3178524
3178526
3178527
3178528
3178529
3178538
3178542
3178543
3178544
3178545
3178546
3178547
3178548
3178549
3178550
3178555
3178557
3178558
3178559
3178560
3178565
3178566
3178568
3178569
3178571
3178572
3178573
3178574
3178581
3178582
3178583
3178584
3178585
3178586
3178587
3178589
3178594
3178595
3178596
3178599
3178600
3178603
3178604
3178605
3178606
3178615
3178616
3178617
3178618
3178619
3178620
3178621
3178622
3178623
3178624
3178625
3178626
3178627
3178628
3178629
3178630
3178631
3178632
3178633
3178634
3178639
3178640
3178641
3178642
3178643
3178644
3178645
3178646
3178647
3178648
3178649
3178650
3178651
3178652
3178653
3178663
3178667
3178751
3178752
3178753
3178754
3178755
3178756
3178757
3178758
3178759
3178780
3178781
3178782
3178783
3178785
3178792
3178793
3178794
3178799
3178800
3178802
3178803
3178807
3178809
3178810
3178815
3178816
3178822
3178824
3178835
3178837
3178848
3178849
3178850
3178860
3178861
3178862
3178863
3178877
3178883
3178884
3178885
3178891
3178893
3178898
3178899
3178900
3178901
3178902
3178903
3178905
3178906
3178907
3178908
3178909
3178910
3178911
3178927
3178928
3178931
3178941
3178942
3178943
3178960
3178961
3178962
3178963
3178964
3178965
3178966
3178967
3178968
3178969
3178973
3178978
3178979
3178980
3178981
3178987
3178988
3178989
3178990
3178991
3178992
3178993
3178994
3178995
3178996
3178997
3178998
3178999
3179000
3179001
3179002
3179013
3179014
3179015
3179016
3179018
3179020
3179021
3179022
3179023
3179024
3179025
3179026
3179027
3179028
3179029
3179030
3179033
3179034
3179035
3179037
3179038
3179040
3179041
3179042
3179047
3179058
3179065
3179067
3179068
3179085
3179088
3179089
3179090
3179108
3179115
3179120
3179121
3179131
3179132
3179134
3179135
3179136
3179137
3179138
3179139
3179140
3179141
3179142
3179143
3179144
3179145
3179147
3179156
3179157
3179158
3179159
3179161
3179162
3179163
3179190
3179201
3179208
3179210
3179220
3179225
3179226
3179227
3179229
3179231
3179233
3179234
3179236
3179237
3179238
3179246
3179250
3179251
3179260
3179261
3179288
3179289
3179290
3179293
3179297
3179298
3179299
3179304
3179305
3179307
3179326
3179336
3179338
3179348
3179349
3179386
3179396
3179408
3179409
3179410
3179411
3179416
3179417
3179425
3179426
3179434
3179439
3179440
3179441
3179457
3179488
3179512
3179529
3179530
3179531
3179532
3179533
3179534
3179535
3179536
3179537
3179538
3179541
3179544
3179551
3179553
3179554
3179555
3179556
3179557
3179558
3179559
3179560
3179561
3179562
3179563
3179564
3179565
3179568
3179569
3179570
3179571
3179572
3179573
3179574
3179575
3179577
3179579
3179581
3179583
3179584
3179586
3179587
3179598
3179599
3179604
3179607
3179616
3179617
3179624
3179629
3179637
3179638
3179639
3179640
3179641
3179644
3179645
3179648
3179649
3179650
3179651
3179660
3179663
3179664
3179668
3179669
3179671
3179672
3179673
3179674
3179676
3179682
3179698
3179699
3179702
3179703
3179704
3179715
3179726
3179737
3179740
3179741
3179742
3179758
3179762
3179763
3179764
3179765
3179766
3179767
3179768
3179769
3179770
3179771
3179775
3179777
3179778
3179813
3179814
3179815
3179816
3179843
3179848
3179851
3179865
3179866
3179867
3179868
3179869
3179872
3179888
3179890
3179892
3179893
3179894
3179895
3179898
3179923
3179931
3179932
3179933
3179936
3179937
3179939
3179943
3179948
3179952
3179961
3179965
3179966
3179967
3179968
3179969
3179970
3179975
3179976
3179977
3179984
3179985
3179986
3179989
3179991
3179996
3180007
3180010
3180016
3180022
3180032
3180049
3180052
3180053
3180056
3180057
3180058
3180059
3180061
3180062
3180063
3180064
3180065
3180066
3180068
3180069
3180070
3180071
3180072
3180073
3180074
3180076
3180077
3180078
3180079
3180084
3180085
3180086
3180089
3180090
3180094
3180095
3180097
3180101
3180102
3180134
3180153
3180157
3180165
3180168
3180169
3180170
3180171
3180172
3180174
3180188
3180190
3180204
3180205
3180206
3180207
3180208
3180209
3180210
3180211
3180212
3180213
3180214
3180215
3180216
3180254
3180257
3180258
3180262
3180264
3180265
3180267
3180270
3180271
3180273
3180275
3180277
3180283
3180286
3180287
3180296
3180306
3180308
3180309
3180312
3180315
3180318
3180319
3180324
3180338
3180339
3180340
3180343
3180345
3180346
3180347
3180348
3180349
3180350
3180352
3180353
3180357
3180358
3180367
3180405
3180409
3180410
3180411
3180412
3180450
3180451
3180476
3180477
3180478
3180483
3180484
3180489
3180490
3180491
3180492
3180494
3180495
3180496
3180497
3180498
3180499
3180500
3180501
3180502
3180503
3180504
3180505
3180506
3180507
3180508
3180509
3180510
3180512
3180513
3180514
3180515
3180516
3180517
3180518
3180519
3180520
3180521
3180522
3180523
3180524
3180525
3180526
3180527
3180528
3180529
3180530
3180532
3180533
3180537
3180551
3180553
3180554
3180557
3180558
3180560
3180561
3180562
3180563
3180564
3180565
3180566
3180568
3180569
3180570
3180571
3180580
3180581
3180582
3180583
3180584
3180585
3180602
3180607
3180608
3180611
3180612
3180613
3180614
3180616
3180619
3180620
3180622
3180624
3180630
3180631
3180643
3180644
3180646
3180648
3180650
3180671
3180672
3180677
3180688
3180698
3180706
3180711
3180712
3180716
3180720
3180724
3180732
3180734
3180736
3180746
3180750
3180751
3180754
3180755
3180756
3180765
3180766
3180767
3180768
3180769
3180785
3180788
3180797
3180798
3180799
3180800
3180801
3180802
3180803
3180804
3180805
3180806
3180807
3180808
3180809
3180810
3180811
3180812
3180813
3180814
3180822
3180823
3180824
3180831
3180833
3180834
3180840
3180855
3180864
3180866
3180873
3180874
3180875
3180876
3180877
3180878
3180880
3180883
3180886
3180887
3180888
3180889
3180890
3180892
3180893
3180895
3180896
3180899
3180900
3180902
3180903
3180905
3180906
3180917
3180927
3180938
3180946
3180949
3180951
3180954
3180955
3180965
3180969
3180976
3180984
3180987
3180990
3180991
3180992
3180993
3180994
3180995
3180996
3181001
3181002
3181003
3181004
3181005
3181006
3181007
3181008
3181009
3181010
3181011
3181012
3181014
3181020
3181021
3181022
3181023
3181024
3181025
3181026
3181033
3181034
3181035
3181036
3181043
3181045
3181046
3181051
3181054
3181055
3181089
3181093
3181094
3181095
3181096
3181097
3181101
3181103
3181104
3181105
3181108
3181109
3181111
3181112
3181113
3181114
3181115
3181116
3181117
3181125
3181133
3181140
3181141
3181142
3181143
3181171
3181175
3181176
3181179
3181180
3181187
3181193
3181200
3181206
3181208
3181209
3181215
3181216
3181217
3181218
3181219
3181222
3181224
3181232
3181235
3181241
3181242
3181243
3181244
3181269
3181272
3181288
3181292
3181297
3181303
3181304
3181306
3181307
3181308
3181309
3181310
3181314
3181315
3181316
3181317
3181319
3181321
3181322
3181329
3181333
3181334
3181337
3181338
3181339
3181341
3181342
3181343
3181346
3181347
3181348
3181349
3181350
3181351
3181352
3181353
3181354
3181355
3181356
3181357
3181358
3181359
3181360
3181361
3181362
3181363
3181374
3181375
3181376
3181378
3181379
3181380
3181386
3181387
3181388
3181389
3181390
3181391
3181392
3181393
3181394
3181395
3181400
3181401
3181402
3181413
3181437
3181439
3181440
3181443
3181444
3181467
3181468
3181473
3181474
3181475
3181476
3181477
3181478
3181479
3181480
3181481
3181487
3181488
3181489
3181490
3181491
3181492
3181494
3181495
3181496
3181497
3181498
3181499
3181500
3181510
3181523
3181524
3181537
3181540
3181543
3181555
3181584
3181586
3181587
3181611
3181637
3181644
3181645
3181646
3181647
3181648
3181649
3181671
3181672
3181679
3181684
3181721
3181725
3181726
3181727
3181728
3181776
3181781
3181782
3181783
3181784
3181785
3181786
3181787
3181788
3181789
3181826
3181827
3181828
3181829
3181838
3181844
3181849
3181902
3181903
3181923
3181940
3181942
3181944
3181949
3181950
3181951
3181953
3181960
3181961
3181962
3181963
3182080
3182096
3182097
3182098
3182099
3182100
3182101
3182102
3182103
3182105
3182107
3182108
3182114
3182115
3182117
3182118
3182122
3182124
3182125
3182129
3182137
3182138
3182139
3182144
3182148
3182160
3182166
3182167
3182174
3182175
3182176
3182181
3182182
3182194
3182195
3182196
3182197
3182215
3182220
3182221
3182224
3182225
3182227
3182228
3182229
3182234
3182235
3182237
3182239
3182240
3182241
3182242
3182244
3182246
3182247
3182254
3182259
3182261
3182267
3182270
3182271
3182277
3182280
3182281
3182282
3182283
3182284
3182285
3182286
3182287
3182288
3182289
3182290
3182291
3182292
3182293
3182294
3182295
3182296
3182297
3182298
3182303
3182362
3182363
3182367
3182374
3182375
3182380
3182388
3182393
3182532
3182691
3182705
3182706
3182708
3182710
3182716
3182719
3182721
3182722
3182723
3182738
3182739
3182740
3182741
3182764
3182774
3182777
3182779
3182781
3182790
3182791
3182795
3182796
3182797
3182798
3182799
3182800
3182828
3182833
3182842
3182875
3182876
3182879
3182880
3182881
3182882
3182954
3182955
3182962
3182965
3182967
3183008
3183009
3183011
3183012
3183013
3183017
3183053
3183054
3183055
3183069
3183072
3183073
3183078
3183082
3183264
3183265
3183437
3183443
3183444
3183446
3183461
3183462
3183471
3183472
3183473
3183474
3183478
3183479
3183483
3183488
3183489
3183495
3183503
3183504
3183505
3183506
3183507
3183508
3183509
3183511
3183516
3183517
3183578
3183579
3183580
3183581
3183582
3183583
3183586
3183587
3183594
3183640
3183643
3183653
3183656
3183657
3183659
3183662
3183664
3183665
3183666
3183669
3183670
3183672
3183673
3183675
3183676
3183678
3183680
3183682
3183684
3183686
3183705
3183707
3183708
3183710
3183711
3183713
3183715
3183716
3183719
3183720
3183721
3183724
3183726
3183727
3183730
3183731
3183732
3183733
3183734
3183735
3183736
3183737
3183738
3183741
3183742
3183744
3183745
3183748
3183749
3183750
3183752
3183753
3183755
3183758
3183759
3183760
3183762
3183768
3183769
3183806
3183807
3183809
3183810
3183813
3183815
3183817
3183818
3183819
3183821
3183851
3183858
3183863
3183870
3183871
3183875
3183876
3183882
3183884
3183888
3183889
3183890
3183891
3183893
3183894
3183895
3183899
3183901
3183902
3183912
3183921
3183922
3183935
3183938
3183942
3183948
3183950
3183951
3183952
3183966
3183967
3183968
3183973
3183975
3183976
3183977
3183978
3183989
3183990
3184000
3184001
3184007
3184017
3184018
3184019
3184030
3184039
3184052
3184081
3184083
3184088
3184089
3184090
3184091
3184093
3184100
3184113
3184114
3184115
3184118
3184120
3184121
3184129
3184146
3184159
3184160
3184167
3184189
3184190
3184192
3184199
3184203
3184210
3184220
3184221
3184222
3184224
3184225
3184228
3184231
3184232
3184234
3184261
3184262
3184263
3184264
3184267
3184271
3184272
3184273
3184274
3184276
3184285
3184286
3184288
3184289
3184294
3184296
3184297
3184303
3184304
3184305
3184312
3184317
3184318
3184319
3184320
3184321
3184322
3184323
