# Ids obtidos do banco "sourcererdb110" através da query que considera 
# todos os métodos (CRAWLED, JAR e JAVA_LIBRARY)
# 
# select distinct t.id 
# from
# 	(
#	select id from interface_metrics_pairs p, interface_metrics i
#	where p.interface_metrics_a = i.id
#	and return_type in (select type from interface_metrics_types where class in (1, 2, 3))
#	and id in 
#		(
#	  	select interface_metrics_id from interface_metrics_params
#	  	where param in (select type from interface_metrics_types where class in (1, 2, 3))
#	  	and   interface_metrics_id = i.id
#		)
#	union all
#	select id from interface_metrics_pairs p, interface_metrics i
#	where p.interface_metrics_b = i.id
#	and return_type in (select type from interface_metrics_types where class in (1, 2, 3))
#	and id in 
#		(
#	  	select interface_metrics_id from interface_metrics_params
#	  	where param in (select type from interface_metrics_types where class in (1, 2, 3))
#	  	and   interface_metrics_id = i.id
#		)
#	) t;
#
3028893
3029219
3029229
3029552
3029688
3029852
3029920
3029930
3029931
3029949
3030104
3030331
3030609
3030719
3030824
3030864
3031158
3031202
3031248
3031249
3031336
3031337
3031370
3031375
3031623
3031647
3031782
3031943
3031948
3032200
3032202
3032281
3032284
3032285
3032379
3032383
3032991
3033160
3033161
3033212
3033383
3033387
3033388
3033420
3033523
3033525
3033557
3033594
3033609
3033620
3033621
3033641
3033674
3033685
3033686
3033706
3033733
3033758
3033776
3033781
3033785
3033796
3033807
3033849
3033886
3033904
3033905
3034043
3034204
3034539
3034668
3034669
3034671
3034726
3034727
3034731
3034788
3034958
3034973
3034975
3035070
3035071
3035124
3035211
3035240
3035242
3035243
3035302
3035366
3035388
3035390
3035417
3035420
3035421
3035435
3035437
3035445
3035475
3035582
3035985
3036286
3036287
3036320
3036325
3036411
3036413
3036414
3036553
3036554
3036558
3036565
3036833
3036878
3036879
3036888
3036912
3036913
3036919
3036921
3036922
3036925
3036933
3036949
3037007
3037011
3037026
3037028
3037034
3037045
3037046
3037057
3037077
3037085
3037135
3037136
3037291
3037461
3037585
3037594
3037596
3037687
3037688
3037893
3037981
3037984
3038007
3038010
3038043
3038079
3038081
3038209
3038280
3038308
3038404
3038405
3038438
3038580
3038624
3038771
3039265
3039375
3039413
3039475
3039476
3039663
3039664
3039764
3039804
3039810
3039850
3039877
3039895
3040217
3040323
3040375
3040389
3040405
3040422
3040443
3040460
3040467
3040476
3040491
3040507
3040629
3040776
3040778
3040900
3040951
3040952
3040967
3040981
3041235
3041243
3041271
3041287
3041294
3041296
3041797
3041800
3041830
3041837
3041840
3041841
3041858
3041867
3041868
3041871
3041884
3041892
3041931
3041933
3041935
3041938
3041939
3041968
3041981
3041988
3042051
3042126
3042157
3042185
3042687
3042747
3042748
3042946
3043063
3043064
3043117
3043194
3043195
3043219
3043221
3043237
3043239
3043244
3043247
3043278
3043292
3043306
3043310
3043315
3043316
3043320
3043332
3043333
3043422
3043425
3043450
3043572
3043577
3043589
3043594
3043629
3043635
3043644
3043759
3043786
3043800
3044206
3044399
3044400
3044409
3044410
3044411
3044414
3044465
3044467
3044470
3044482
3044730
3044731
3044802
3044803
3044898
3044899
3044936
3044942
3044948
3045003
3045007
3045039
3045051
3045086
3045087
3045104
3045125
3045978
3045980
3045987
3045991
3046253
3046254
3046267
3046268
3046277
3046278
3046279
3046282
3046340
3046342
3046345
3046350
3046366
3046367
3046457
3046461
3046462
3046479
3046523
3046688
3046689
3046722
3046727
3046801
3046842
3046915
3046958
3046959
3047058
3047367
3047388
3047392
3047816
3047850
3047927
3048033
3048038
3048084
3048571
3048572
3048692
3048693
3048720
3048721
3048729
3048774
3048881
3048902
3048925
3048971
3049030
3049217
3049239
3049240
3049281
3049638
3049639
3049652
3049762
3049814
3049851
3049855
3049856
3049888
3049934
3050158
3050161
3050162
3050174
3050175
3050188
3050190
3050193
3050377
3050387
3050502
3050545
3050546
3050550
3050554
3050568
3050572
3050582
3050585
3050586
3050678
3050699
3050747
3050770
3051198
3051537
3051538
3051539
3051540
3051548
3051549
3051556
3051696
3051722
3051804
3051805
3051843
3051848
3051903
3051904
3051937
3052029
3052040
3052112
3052113
3052122
3052123
3052126
3052152
3052182
3052221
3052251
3052257
3053189
3053190
3053272
3053281
3053287
3053375
3053376
3053410
3053411
3053412
3053413
3053414
3053417
3053418
3053419
3053420
3053421
3053427
3053440
3053446
3053458
3053512
3053521
3053544
3053545
3053557
3053643
3053768
3053822
3053828
3053841
3053850
3053899
3053905
3053910
3053911
3053915
3053920
3053950
3054032
3054033
3054081
3054175
3054176
3054263
3054314
3054509
3054510
3054513
3054519
3054520
3054543
3054623
3054634
3054644
3054645
3054646
3054666
3054681
3054708
3054709
3054734
3054739
3054807
3054820
3055278
3055280
3055287
3055291
3055321
3055334
3055342
3055413
3055498
3055671
3055885
3055908
3055910
3055927
3055928
3056008
3056009
3056011
3056016
3056020
3056021
3056022
3056025
3056026
3056027
3056034
3056035
3056037
3056039
3056041
3056043
3056074
3056075
3056091
3056121
3056122
3056125
3056128
3056129
3056154
3056167
3056204
3056209
3056227
3056270
3056280
3056312
3056346
3056466
3056524
3056552
3056572
3056586
3056591
3056592
3056596
3056602
3056604
3056728
3056797
3056798
3056920
3056987
3056988
3057338
3057374
3057452
3057488
3057489
3057492
3057537
3057540
3057561
3057562
3057565
3057650
3057691
3057695
3057699
3057713
3057754
3057795
3057823
3057824
3057825
3057826
3057827
3057828
3057831
3057832
3057833
3057844
3057845
3057880
3057898
3057917
3057918
3057919
3057920
3057921
3057927
3057952
3057981
3057985
3057989
3057990
3057991
3057992
3057993
3058020
3058040
3058048
3058055
3058064
3058065
3058072
3058079
3058081
3058094
3058099
3058149
3058271
3058355
3058358
3058443
3058607
3058608
3058687
3058688
3058704
3058705
3058713
3058966
3058968
3058987
3058991
3058999
3059002
3059003
3059004
3059007
3059008
3059023
3059032
3059033
3059035
3059065
3059066
3059122
3059170
3059314
3059371
3059404
3059409
3059421
3059426
3059462
3059464
3059475
3059484
3059500
3059504
3059508
3059522
3059563
3059604
3059632
3059633
3059634
3059635
3059636
3059637
3059640
3059641
3059642
3059653
3059654
3059689
3059707
3059726
3059727
3059728
3059729
3059730
3059736
3059761
3059790
3059794
3059798
3059799
3059800
3059801
3059802
3059829
3059949
3059973
3060009
3060090
3060216
3060360
3060438
3060625
3060630
3060633
3060901
3061142
3061192
3061220
3061225
3061229
3061336
3061340
3061341
3061404
3061450
3061451
3061535
3061536
3061959
3062558
3062582
3062632
3062633
3062763
3062764
3062801
3062839
3063051
3063118
3063165
3063166
3063237
3063238
3063239
3063312
3063314
3063342
3063447
3063448
3063472
3063506
3063514
3063647
3063671
3063763
3063862
3063886
3063954
3064018
3064200
3064201
3064234
3064354
3064411
3064412
3064534
3064589
3064590
3064623
3064628
3064844
3064845
3064846
3065111
3065116
3065121
3065152
3065161
3065162
3065170
3065177
3065183
3065213
3065215
3065224
3065225
3065304
3065373
3065586
3065697
3065701
3065705
3065723
3065764
3065819
3065847
3065848
3065849
3065850
3065851
3065852
3065855
3065860
3065861
3065868
3065869
3065904
3065922
3065941
3065942
3065943
3065944
3065945
3065951
3065957
3065977
3066006
3066013
3066014
3066015
3066016
3066017
3066044
3066119
3066274
3066303
3067694
3067696
3067703
3067707
3067851
3067861
3067862
3067870
3067873
3067876
3067880
3067916
3068137
3068157
3068158
3068159
3068168
3068169
3068309
3068409
3068422
3068434
3068478
3068479
3068486
3068520
3068597
3068646
3068717
3068738
3068739
3068760
3068761
3068766
3068782
3068794
3068796
3068801
3068803
3068812
3068824
3068905
3068906
3069041
3069042
3069044
3069102
3069104
3069122
3069123
3069402
3069519
3069520
3069581
3069755
3069972
3070024
3070221
3070261
3070262
3070272
3070296
3070384
3070386
3070438
3070440
3070454
3070734
3070744
3070804
3070915
3071081
3071084
3071107
3071110
3071143
3071193
3071206
3071214
3071270
3071366
3071372
3071587
3071845
3071857
3071862
3071865
3071866
3071878
3071887
3071890
3071892
3071894
3071895
3071985
3071986
3072161
3072167
3072168
3072187
3072199
3072202
3072203
3072213
3072286
3072307
3072349
3072537
3072538
3072575
3072576
3072584
3072666
3072713
3072864
3072950
3072995
3072996
3073013
3073240
3073362
3073403
3073458
3073510
3073526
3073541
3073561
3073600
3073817
3073830
3073970
3073971
3073972
3074223
3074228
3074233
3074250
3074253
3074254
3074262
3074269
3074275
3074536
3074611
3074620
3074621
3074643
3074663
3074667
3074670
3074672
3074680
3074682
3074684
3074697
3074699
3074720
3074724
3074738
3074752
3074774
3074791
3074799
3074814
3074815
3074860
3074864
3074868
3074962
3075068
3075113
3075189
3075289
3075394
3075396
3075398
3075606
3075637
3075647
3075891
3076107
3076108
3076110
3076111
3076112
3076115
3076176
3076178
3076179
3076185
3076186
3076187
3076746
3077042
3077054
3077505
3077595
3077598
3077621
3077642
3077662
3077905
3077979
3078006
3078354
3078624
3078848
3078858
3079075
3079408
3079432
3079489
3079490
3079534
3079665
3079731
3079752
3080746
3080766
3080784
3080793
3080853
3080874
3080882
3080979
3080980
3081013
3081018
3081190
3081299
3081301
3081473
3081486
3081501
3081517
3081538
3081555
3081562
3081566
3081607
3081608
3081693
3081706
3081721
3081736
3081756
3081772
3081778
3081845
3081863
3082262
3082274
3082299
3082567
3082568
3082602
3082664
3082708
3082741
3082746
3083265
3083276
3083305
3083344
3083345
3083353
3083390
3083426
3083526
3083539
3083873
3083874
3083889
3083914
3083915
3084141
3084150
3084151
3084160
3084161
3084162
3084165
3084216
3084218
3084221
3084226
3084247
3084286
3084288
3084295
3084296
3084369
3084452
3084724
3084806
3084807
3085020
3085216
3085217
3085218
3085219
3085227
3085228
3085235
3085306
3085307
3085313
3085314
3085348
3085382
3085396
3085399
3085446
3085459
3085558
3085621
3085716
3085724
3085794
3085796
3085803
3085804
3085839
3086388
3086389
3086395
3086399
3086422
3086423
3086466
3086503
3086528
3086529
3086590
3086594
3086595
3086627
3086673
3086987
3086988
3086989
3087249
3087254
3087259
3087283
3087292
3087293
3087301
3087308
3087314
3087385
3087406
3087489
3087737
3087851
3087852
3087962
3087998
3087999
3088002
3088048
3088051
3088072
3088073
3088076
3088168
3088482
3088483
3088610
3088792
3088873
3088892
3088906
3088923
3088924
3088991
3089024
3089162
3089183
3089256
3089677
3089681
3089706
3089707
3089796
3089810
3089879
3089880
3089883
3089889
3089890
3089913
3089990
3090001
3090558
3090794
3090828
3090829
3090838
3090862
3090863
3090867
3090869
3090870
3090873
3090881
3090892
3090946
3090959
3090961
3090966
3090974
3090975
3090986
3091004
3091072
3091073
3091077
3091087
3091088
3091179
3091203
3091289
3091290
3091407
3091408
3091409
3091417
3091421
3091428
3091456
3093455
3093460
3093463
3093471
3093481
3093558
3093560
3093650
3093656
3093690
3093719
3093720
3093738
3093741
3093751
3093761
3093779
3093842
3093873
3093912
3093922
3093933
3093969
3093976
3093977
3094047
3094107
3094129
3094175
3094179
3094390
3094398
3094412
3094416
3094437
3094451
3094467
3094480
3094505
3094582
3094607
3094617
3094619
3094632
3094636
3094639
3094658
3094733
3094734
3094822
3094837
3094838
3094924
3095007
3095061
3095063
3095222
3095278
3095732
3095889
3095969
3096039
3096041
3096142
3096170
3096228
3096229
3096230
3096231
3096232
3096261
3096304
3096306
3096308
3096314
3096315
3096316
3096321
3096339
3096340
3096466
3096533
3096534
3097145
3097230
3097335
3097417
3097425
3097426
3097482
3097483
3097514
3097643
3097850
3098027
3098238
3098239
3098248
3098249
3098250
3098253
3098304
3098306
3098309
3098320
3098364
3098417
3098418
3098479
3098480
3098525
3098545
3098550
3098562
3098567
3098633
3098635
3098639
3098844
3098919
3098928
3098929
3098951
3098971
3098975
3098978
3098980
3098988
3098990
3098992
3099005
3099007
3099028
3099032
3099046
3099060
3099082
3099099
3099107
3099117
3099128
3099137
3099873
3099896
3100273
3100387
3100668
3100867
3100868
3100905
3100910
3100911
3100914
3100916
3100921
3100954
3100955
3101093
3101094
3101217
3101218
3101221
3101292
3102337
3102720
3102728
3102730
3102731
3102850
3102853
3102856
3102857
3102858
3102861
3102896
3102901
3102905
3102977
3103611
3103615
3103640
3103641
3103737
3103817
3103833
3103912
3104019
3104094
3104593
3105204
3105339
3105340
3105437
3105517
3105522
3105523
3105526
3105528
3105533
3105638
3105858
3105859
3105978
3105979
3106002
3106003
3106011
3106138
3106161
3106583
3106697
3107019
3107065
3107066
3107348
3107455
3107528
3107530
3108009
3108012
3108111
3108156
3108163
3108181
3108198
3108212
3108226
3108247
3108262
3108309
3108334
3108335
3108457
3108524
3108525
3108884
3108948
3109008
3109092
3109093
3109096
3109098
3109194
3109195
3109199
3109201
3109205
3109208
3109241
3109253
3109457
3109472
3109473
3109492
3109529
3109531
3109539
3109546
3109547
3109550
3109551
3109552
3109559
3109605
3109606
3109704
3109708
3109987
3110002
3110041
3110045
3110046
3110078
3110124
3110293
3110317
3110436
3110440
3110444
3110458
3110499
3110542
3110570
3110571
3110572
3110573
3110574
3110575
3110578
3110583
3110584
3110591
3110592
3110627
3110645
3110664
3110665
3110666
3110667
3110668
3110674
3110680
3110700
3110729
3110736
3110737
3110738
3110739
3110740
3110767
3110876
3110877
3110895
3110917
3110920
3111039
3111151
3111152
3111156
3111172
3111184
3111186
3111190
3111192
3111201
3111211
3111220
3111221
3111241
3111242
3111327
3111409
3111410
3111418
3111570
3111665
3111666
3111667
3111668
3111676
3111677
3111684
3111954
3111955
3112084
3112087
3112088
3112115
3112120
3112125
3112168
3112222
3112241
3112478
3112521
3112522
3112531
3112555
3112556
3112562
3112564
3112565
3112568
3112576
3112587
3112645
3112649
3112664
3112666
3112671
3112680
3112681
3112692
3112709
3112716
3112730
3112816
3113116
3113176
3113334
3113510
3113523
3113530
3113536
3113596
3113597
3113601
3113622
3113623
3113818
3113872
3114409
3114565
3114631
3114657
3114732
3114734
3114891
3114911
3114912
3114913
3115078
3115079
3115084
3115096
3115141
3115289
3115290
3115294
3115301
3115569
3115614
3115615
3115625
3115653
3115654
3115660
3115662
3115663
3115666
3115674
3115690
3115748
3115752
3115767
3115769
3115775
3115786
3115787
3115798
3115819
3115829
3115880
3115881
3115982
3116084
3116088
3116343
3116454
3116626
3116684
3116718
3116742
3116746
3116750
3116768
3116809
3116864
3116892
3116893
3116894
3116895
3116896
3116897
3116900
3116905
3116906
3116913
3116914
3116949
3116967
3116986
3116987
3116988
3116989
3116990
3116996
3117002
3117022
3117051
3117058
3117059
3117060
3117061
3117062
3117089
3117144
3117163
3117281
3117572
3117616
3117617
3117633
3117804
3117805
3117950
3117982
3118051
3118254
3118269
3118271
3118280
3118284
3118287
3118291
3118330
3118501
3118634
3118635
3118636
3118647
3118648
3118649
3118650
3118660
3118661
3118712
3118714
3118716
3118728
3118802
3118872
3118976
3118990
3119195
3119211
3119213
3119214
3119217
3119234
3119249
3119623
3119627
3119652
3119653
3119729
3119734
3119746
3119752
3119792
3119798
3119811
3119820
3119898
3120116
3120117
3120118
3120410
3120415
3120420
3120452
3120461
3120462
3120471
3120478
3120484
3120579
3120609
3120613
3120914
3120915
3121072
3121199
3121503
3121504
3121558
3121559
3121564
3121624
3121688
3121869
3121874
3121902
3121903
3121906
3121907
3121934
3121935
3122313
3122318
3122347
3122348
3122351
3122352
3122618
3122622
3122653
3122655
3122822
3122837
3122839
3122848
3122852
3122855
3122859
3122898
3122988
3123003
3123319
3123350
3123425
3123710
3123723
3123731
3123834
3123840
3123892
3123922
3124027
3124239
3124303
3124306
3124309
3124323
3124481
3124482
3124515
3124683
3124692
3124694
3124695
3124696
3124714
3124729
3124735
3124737
3124897
3124900
3124902
3124970
3124972
3124991
3124995
3125003
3125006
3125007
3125008
3125011
3125012
3125019
3125071
3125218
3125269
3125270
3125307
3125311
3125364
3125654
3125719
3125757
3125790
3125803
3125804
3125808
3125809
3125811
3125820
3125843
3125844
3125859
3125866
3125872
3125917
3125970
3125983
3125992
3126020
3126026
3126031
3126032
3126036
3126041
3126243
3126270
3126303
3126304
3126336
3126337
3126342
3126399
3126422
3126440
3126530
3126651
3126733
3126734
3126735
3126736
3126737
3126738
3126739
3126740
3126741
3126862
3127044
3127245
3127281
3127282
3127302
3127339
3127340
3127343
3127525
3127583
3127617
3127883
3127884
3127910
3128038
3128141
3128145
3128231
3128233
3128247
3128258
3128318
3128393
3128430
3128432
3128747
3128752
3128754
3128776
3128786
3128789
3128941
3128942
3128943
3128955
3128993
3128997
3128998
3129015
3129060
3129218
3129242
3129390
3129405
3129472
3129797
3129814
3129816
3129876
3129878
3129890
3129963
3129980
3130009
3130035
3130039
3130040
3130072
3130193
3130217
3130401
3130747
3130755
3130762
3130771
3130772
3130779
3130786
3130792
3130805
3130810
3130847
3130850
3130851
3131044
3131187
3131200
3131208
3131264
3131305
3131367
3131402
3131408
3131531
3131540
3131652
3131674
3131675
3131678
3131748
3131775
3131800
3131814
3131873
3131902
3132008
3132245
3132259
3132273
3132276
3132315
3132336
3132508
3132509
3132510
3132514
3132515
3132516
3132545
3132548
3132549
3132610
3132611
3132612
3133145
3133208
3133215
3133220
3133252
3133333
3133363
3133366
3133390
3133440
3133441
3133444
3133447
3133451
3133452
3133453
3133454
3133457
3133458
3133459
3133468
3133469
3133470
3133472
3133474
3133476
3133478
3133503
3133505
3133506
3133694
3133695
3133728
3133733
3133832
3133879
3133916
3133920
3133921
3133953
3133999
3134223
3134226
3134227
3134701
3134759
3134793
3134846
3134850
3135348
3135349
3135370
3135400
3135404
3135731
3135732
3135734
3135738
3135766
3135785
3135786
3135795
3135796
3135797
3135800
3135851
3135853
3135856
3135868
3136034
3136046
3136083
3136084
3136090
3136103
3136160
3136232
3136252
3136282
3136350
3136356
3136856
3136857
3136983
3137199
3137201
3137311
3138954
3139202
3139208
3139211
3139218
3139263
3139358
3139380
3139505
3139718
3139729
3139730
3139738
3139742
3139745
3139749
3140467
3140865
3141049
3141114
3141115
3141153
3141195
3141363
3141522
3141590
3141591
3141615
3141726
3141754
3141757
3141758
3141789
3141936
3141939
3141960
3142063
3142130
3142169
3142173
3142174
3142206
3142252
3142423
3142447
3142575
3142579
3142604
3142605
3142609
3142610
3142627
3142635
3142636
3142681
3142682
3142683
3142684
3142685
3142699
3142874
3142883
3142989
3143011
3143012
3143015
3143057
3143213
3143254
3143346
3143378
3143379
3143430
3143433
3143434
3143435
3143436
3143471
3143487
3143502
3143514
3143515
3143516
3143517
3143521
3143522
3144989
3145002
3145010
3145073
3145087
3145088
3145089
3145090
3145091
3145304
3145799
3145822
3146212
3146481
3146699
3146700
3146703
3146991
3146992
3147056
3147061
3147073
3147078
3147097
3147103
3147112
3147124
3147218
3147220
3147222
3147228
3147229
3147230
3147237
3147284
3147511
3147524
3147526
3147535
3147539
3147542
3147546
3147585
3147655
3147664
3147667
3147668
3147699
3147939
3148020
3148039
3148040
3148049
3148072
3148073
3148085
3148171
3148296
3148350
3148356
3148369
3148378
3148427
3148433
3148438
3148439
3148443
3148448
3148458
3148660
3148860
3148870
3148871
3148879
3148882
3148885
3148889
3149059
3149082
3149160
3149194
3149309
3149310
3149312
3149411
3149603
3149740
3149977
3150020
3150021
3150030
3150054
3150055
3150061
3150063
3150064
3150067
3150075
3150086
3150144
3150148
3150163
3150165
3150170
3150179
3150180
3150191
3150208
3150215
3150296
3150297
3150301
3150311
3150312
3150413
3150443
3150444
3150445
3150446
3150447
3150461
3150667
3150668
3150753
3150775
3150777
3150804
3150807
3150808
3150822
3150824
3150832
3150862
3150896
3150931
3150953
3151039
3151127
3151128
3151170
3151306
3151433
3151520
3151539
3151650
3151777
3151780
3151790
3152063
3152129
3152414
3152456
3152457
3152856
3152898
3153079
3153081
3153164
3153284
3153285
3153317
3153343
3153345
3153385
3153474
3153507
3153513
3153620
3153636
3153637
3153723
3153790
3153802
3153808
3153812
3153821
3154192
3154193
3154206
3154219
3154235
3154303
3154314
3154315
3154316
3154364
3154365
3154384
3154521
3154662
3154726
3154810
3154842
3154878
3154880
3154913
3154914
3155033
3155034
3155054
3155055
3155060
3155076
3155088
3155090
3155094
3155096
3155105
3155115
3155144
3155145
3155268
3155335
3155336
3155736
3155770
3155864
3155972
3156079
3156100
3156367
3156372
3156384
3156389
3156422
3156426
3156432
3156441
3156487
3156532
3156545
3156553
3156657
3156703
3156704
3157236
3157475
3157476
3157505
3157614
3157630
3157634
3157747
3157748
3157886
3157916
3157994
3158002
3158005
3158006
3158007
3158016
3158047
3158048
3158049
3158050
3158051
3158102
3158114
3158153
3158154
3158169
3158170
3158171
3158172
3158173
3158236
3158243
3158321
3158324
3158332
3158335
3158349
3158388
3158389
3158392
3158395
3158396
3158421
3158434
3158607
3158626
3158741
3158742
3158746
3158770
3158775
3158787
3158793
3158889
3158895
3158896
3158977
3159214
3159257
3159258
3159267
3159291
3159292
3159298
3159300
3159301
3159304
3159312
3159323
3159381
3159385
3159400
3159402
3159407
3159416
3159417
3159428
3159445
3159452
3159463
3159477
3159486
3159540
3159552
3159629
3159659
3159781
3160050
3160051
3160052
3160053
3160054
3160075
3160166
3160207
3160344
3160394
3160396
3160441
3160522
3160523
3160534
3160536
3160539
3160637
3160757
3160815
3160843
3160882
3160888
3160993
3161654
3161949
3162113
3162315
3162316
3162332
3162413
3162414
3162491
3162639
3162709
3163024
3163025
3163051
3163231
3163245
3163246
3163247
3163248
3163249
3163266
3163269
3163308
3163482
3163621
3163704
3163709
3163726
3163732
3163733
3163820
3163832
3163840
3163844
3163845
3163846
3163849
3163850
3163856
3163947
3163948
3163961
3163962
3163964
3163967
3163970
3164007
3164017
3164090
3164359
3164455
3164525
3164683
3164767
3164772
3164773
3164777
3164780
3164783
3164787
3164903
3165122
3165180
3165214
3165228
3165260
3165352
3165452
3165458
3165689
3165769
3165850
3165972
3165973
3165975
3166032
3166034
3166129
3166130
3166147
3166148
3166185
3166191
3166197
3166298
3166539
3166540
3166549
3166550
3166551
3166554
3166605
3166607
3166610
3166622
3166687
3166688
3166693
3166695
3166696
3166699
3166707
3166717
3166755
3166768
3166770
3166775
3166783
3166784
3166794
3166812
3166865
3166885
3166886
3166889
3166983
3167022
3167023
3167033
3167059
3167060
3167104
3167138
3167306
3167387
3167432
3167499
3167611
3168201
3170125
3170126
3170128
3170141
3170144
3170250
3170274
3170276
3170277
3170278
3170280
3170281
3170286
3170361
3170423
3170443
3170447
3170687
3170721
3170724
3170871
3170882
3170885
3170894
3170920
3170961
3171004
3171009
3171010
3171027
3171028
3171029
3171030
3171031
3171034
3171048
3171179
3171180
3171222
3171223
3171224
3171225
3171226
3171282
3171296
3171297
3171298
3171299
3171300
3171320
3171323
3171398
3171399
3171432
3171513
3171537
3171607
3171610
3171657
3171711
3171790
3171795
3171823
3171824
3171827
3171828
3171855
3171856
3172247
3172252
3172285
3172286
3172289
3172290
3172480
3172485
3172888
3172987
3172988
3173068
3173082
3173083
3173084
3173085
3173086
3173137
3173140
3173395
3173396
3173813
3174214
3174235
3174552
3174588
3174845
3174917
3174947
3175209
3175264
3175474
3175705
3175766
3175806
3175826
3175827
3175828
3175894
3175917
3175954
3176041
3176042
3176066
3176318
3176368
3176369
3176425
3176845
3176859
3176860
3176861
3176862
3176863
3176915
3176918
3176985
3177052
3177092
3177143
3177144
3177395
3177431
3177434
3177435
3177466
3177479
3177480
3177481
3177482
3177485
3177487
3177503
3177927
3177931
3177956
3177957
3178006
3178007
3178008
3178009
3178010
3178024
3178027
3178029
3178035
3178040
3178043
3178047
3178048
3178091
3178096
3178104
3178122
3178153
3178339
3178366
3178367
3178403
3178434
3178445
3178457
3178459
3178549
3178558
3178589
3178599
3178604
3178605
3178606
3178643
3178650
3178651
3178751
3178792
3178799
3178800
3178807
3178809
3178822
3178849
3178905
3178931
3178980
3178981
3179027
3179037
3179047
3179108
3179120
3179121
3179134
3179137
3179140
3179141
3179142
3179143
3179386
3179488
3179512
3179560
3179758
3179764
3179765
3179770
3179867
3179969
3179985
3180022
3180052
3180053
3180056
3180058
3180059
3180061
3180063
3180064
3180084
3180085
3180089
3180094
3180095
3180097
3180101
3180134
3180153
3180157
3180168
3180169
3180170
3180171
3180172
3180174
3180190
3180204
3180205
3180206
3180207
3180208
3180210
3180258
3180270
3180275
3180277
3180287
3180296
3180306
3180308
3180309
3180312
3180315
3180318
3180319
3180324
3180346
3180352
3180353
3180478
3180490
3180551
3180553
3180560
3180561
3180580
3180585
3180622
3180688
3180706
3180734
3180801
3180803
3180804
3180805
3180806
3180807
3180808
3180809
3180811
3180887
3180954
3180993
3180994
3180995
3181008
3181009
3181026
3181034
3181089
3181093
3181094
3181095
3181096
3181097
3181113
3181114
3181125
3181140
3181141
3181142
3181143
3181180
3181187
3181193
3181215
3181216
3181217
3181232
3181241
3181307
3181310
3181315
3181316
3181413
3181467
3181468
3181478
3181490
3181492
3181495
3181497
3181679
3181725
3181726
3181727
3181728
3181942
3181944
3182100
3182101
3182124
3182125
3182137
3182138
3182144
3182148
3182160
3182166
3182167
3182227
3182228
3182229
3182716
3182719
3182721
3182722
3182723
3182739
3182740
3182774
3182777
3182779
3182781
3182790
3182791
3182798
3182799
3182833
3182842
3182875
3182876
3182879
3182880
3182881
3182882
3182954
3182955
3182962
3182965
3182967
3183008
3183009
3183069
3183073
3183264
3183265
3183443
3183444
3183446
3183461
3183462
3183471
3183473
3183578
3183580
3183581
3183587
3183640
3183809
3183813
3183817
3183818
3183890
3183901
3183921
3183922
3183935
3183938
3183942
3183975
3183978
3184030
3184052
3184093
3184146
3184190
3184224
3184225
3184228
3184231
3184232
3184234
3184261
3184262
3184267
3184271
3184272
3184273
3184274
3184276
3184285
3184286
3184288
3184289
3184294
3184296
3184297
3184303
3184304
3184305
3184312
